{
 "width":1920,
 "height":1080,
 "top":140,
 "left":335,
 "bottom":140,
 "right":335,
 "opacity":1.0000000,
 "messagex":0.220000,
 "messagey":0.120000
}