{
 "width":1920,
 "height":1080,
 "top":92,
 "left":448,
 "bottom":92,
 "right":448,
 "opacity":1.0000000,
 "messagex":0.220000,
 "messagey":0.120000
}