{
 "width":1920,
 "height":1080,
 "top":93,
 "left":375,
 "bottom":93,
 "right":375,
 "opacity":1.0000000,
 "messagex":0.220000,
 "messagey":0.120000
}