{
 "width":1920,
 "height":1080,
 "top":89,
 "left":629,
 "bottom":81,
 "right":629,
 "opacity":1.0000000,
 "messagex":0.220000,
 "messagey":0.120000
}