{
 "width":1920,
 "height":1080,
 "top":210,
 "left":80,
 "bottom":210,
 "right":80,
 "opacity":1.0000000,
 "messagex":0.220000,
 "messagey":0.120000
}