{
 "width":1920,
 "height":1080,
 "top":190,
 "left":590,
 "bottom":190,
 "right":590,
 "opacity":1.0000000,
 "messagex":0.220000,
 "messagey":0.120000
}