{
 "width":1920,
 "height":1080,
 "top":27,
 "left":547,
 "bottom":27,
 "right":547,
 "opacity":1.0000000,
 "messagex":0.220000,
 "messagey":0.120000
}