{
 "width":1920,
 "height":1080,
 "top":90,
 "left":460,
 "bottom":90,
 "right":460,
 "opacity":1.0000000,
 "messagex":0.220000,
 "messagey":0.120000
}