{
 "width":1920,
 "height":1080,
 "top":65,
 "left":279,
 "bottom":65,
 "right":279,
 "opacity":1.0000000,
 "messagex":0.220000,
 "messagey":0.120000
}