{
 "width":1920,
 "height":1080,
 "top":90,
 "left":420,
 "bottom":90,
 "right":420,
 "opacity":1.0000000,
 "messagex":0.220000,
 "messagey":0.120000
}