{
 "width":1920,
 "height":1080,
 "top":102,
 "left":260,
 "bottom":102,
 "right":260,
 "opacity":1.0000000,
 "messagex":0.220000,
 "messagey":0.120000
}