{
 "width":1920,
 "height":1080,
 "top":0,
 "left":384,
 "bottom":0,
 "right":384,
 "opacity":1.0000000,
 "messagex":0.220000,
 "messagey":0.120000
}