{
 "width":1920,
 "height":1080,
 "top":120,
 "left":330,
 "bottom":120,
 "right":330,
 "opacity":1.0000000,
 "messagex":0.220000,
 "messagey":0.120000
}